resource,message_id,translated,notes
291,7,,
291,2742,,
291,2743,,
291,2744,,
